1010010000010111100011111011011111000100011110111111011010000001011111
0101110100011111111111000111011101111101011111101101111101001110100101
1000111101110011111010010101001100001011111010001000101111011111011000
1001110010111101110010110101110110001111000010111110100011011011110111
1110100010001010110101111110000100111101101100110100001011111000010111
1110111000000110111001000001100011101110001111101111011001111110000000
0001011110110010001101111101101001110101100101010001101100000111101110
0010010101111010011001000011101001000000100101101100111010111110000101
1111011110110011111101110000001101110010000011000111100101001111100111
0010000011101010111101110001001010101100111101000110100001000010001000
1100010001111000111001110010000001111011000001011100000001111011111000
0100110100111110111111110000000000101111011111010000111101010010000100
0110011011101011010011111100001011111010001101110010001001111000101100
0110101010001100110101100011001111100011101101110110110011010001111010
0000111100011011011101010110111110111001011010111011000101001111100011
0001100000101001011011111011110110011111010010000011110101011101011100
1110001101001011110111000100101011110110010011100001001110011101010111
1101010111101110001001010101100111111100011000110111000000111111010110
0111010100101011011100111001000011110110100111001100000010011111100110
1111101010011110111000111101111111100000000001011110111110100010010111
1100111001010111110101100011000011011101111110010100111111011100111010
0100111110111001111110101100010101101011000100101010001111100101001111
1100011110011100000000100111100011010101111100010001000111110100011011
1001111110110111011011110100010010010101111000100101110000001011011111
0000101111101111011001111010011010101111101010010001111100101001111101
0001000101111011001000010000101110000111100001011010010101100100001101
1100011001100101100111111100011101011111110011011111010100111101110001
1110111111101001010100101100010011100100001111011010111011000010001000
0001011101000001111011100111100101010110111110111101100111110101100101
0111000011101011000110000110111011111100101001111101111011001100000001
1111001101111101001101110001100010100010110110000110011110100011010000
1100101100110010101111110010101001111110111100100101011010000001011011
1101100000101110000000111110101011110110010000101001111110111101100111
1110001111001110000000010011110001101110001010110101111100000011110101
1001101111101001000000100101100111110110010110101010011111101111001001
0101101000000101101111011000001011100000001111101010111101100100001010
0111111011110110011111010110000100100111110010100111110111101100111111
0001111001110000000010011111000000111100011011100010101101011110001011
1011011010101100011111001100001000110100111010011010100101101111010001
0110001111011110110011111101010111010101111100111010100100011111001010
0111100010011100000000001110000011110111000100101011110111010101101111
1011110110011111100111101101111000010100011111001010011110110110000001
1100110000100011010110000101011110111000100101010110011111011001011010
1010011111101111001001010110100000010110111101100000101110000000111110
1010111101100100001010011111101111011001111110001111001110000000010011
1110101100011000100010001111100101011110111111101011001010100110101011
0001111000000110101011101010110111110010100111111010011001110001000100
0010110110001111000010111110111101100111111010110000110100011011111100
1010011110111111110001001110001101111110011100110010111010111110010100
1111110101011110110010000100001111010111111010010000100100011101001001
0000100010110110000110011111011001011010101001111110111100100101011010
0000010110111101100000101110000000111110101011110110010000101001111110
1111011001111110001111001110000000010011111000000111100011011100010101
1010111110101011101011100001100101000000111011001011011111000010111110
1111011001111110011100100000101001000000011111001010011110100001111010
1001000010001100110111010111100011001110011100000110110110001110111010
1011011110100110000101011010001111110111000110101000100110101010011110
1110101111001110001101001000101010011111000010111111011100000011111001
1010000101111101010111010101101011001111101000011010101101111000110011
1110100000111000110111100010001111110011100111010100111111011001000000
1111101110010110101110110001111011100111101101000001111101010111101110
0001000010010011110111111000111011011111010100101001110010101011111100
1110010101011011000101110001001010101100111101000110100011000111001011
1101111110001001010100010011111010000011100011011110001000111111001110
0111010100111110111001111100111001000001110101011110111000100101011100
0110110001111110011011111010011000101101111010111110111001111110011011
1000111011111011111111001111011001110011010000001100111111010010011101
1001010111110111101100111101110000110011110111000101100111001110110001
1111001010011111001110010000011100000011101001110010010001101011000110
0111111010000000100110110011111011110110011111101010111110000010110000
1001100011001100101011011111101000100100000110100011111001010011111011
1101100111101000010101001010100011011100010111100101011100010010101111
0111010101101111101111011001111101001000010000111001110101011100000111
1011100010010101111100101001111110001110010101101001110100100101010110
1001010111001100110100111111011110110010110001111010000010000001111000
1100011000001011000010111000011101111111101001000010011101011000000100
0110010000011000111010110011011001111101110011111010001101110001100111
1011111001110001000100000110001110100001111010100100001000110011011101
0111110100001110001111101110011110100101111010110101111110110011000000
0011001111111000110001101110000001111010110011011001111101000011100011
1101111111101001000010011101011000000100111110111101101111011111011110
1011010111111010100101011010011111011000001000110100111110100011010101
1111001101000001111101010010101111011100011111010000011010110101111011
1000111110100011011100010110011111101010010101101001111110100010011100
1010101011011110100010011111100001100100111000001110101101100100101101
1111011110110011111010010111100100101011110101100000101010111010001101
0100111101100100110110001100001101110110001101001011111100101001111101
0010110110010101000010010011010011111011001010100001000100100001011011
0001110111010101101111101111011001111110100111001000000001110010100010
1111110010100111110100100000001111101001110100110000101001000100010110
0111010010111111100011101011111100000011111001010001110001010001001110
0100001111101110010110101110110001111011110110111101111101000011110101
0010000100011001101111111101101110001111011010010100101111100101010110
1100101101111100101011111011110111000000111111010010000100111010110000
0010001100100000110001110101100110110011010011111100001010001100101001
0111000011101110001111110110010000111110011100010111000010000100100101
0100011111001010011111100111001101011001000011101110000001111110011100
1010111001100100000101001011010110011111110001110010100011011001011101
1011111001010011111101110010101100100001000010111000011110111101110000
0011110001011111001100000010110111110010100011010110001100000111101110
0010010101101001111101000011110101001000010001100110111111110110111000
1111110000100011000100010101111101111011001111110001111001110000000010
0111111010010011001110100110101001111011111101000101110110111111001111
0110011100110100000101001111101111111100111101100111001101000001111010
0011011100011001111011111110110111000111111001110011101010011110100010
1111100110100000111110101011100000100000001011011111010010111000010100
0111001001001010011000110011100000101011011111010011100100101011010001
0110011101001011110100011010000110010110011001010111111010000011110000
0010100111001000010011111011100111101000100110101100000111000100011111
0111101101111011111101111011001111010001011101010100000111100101001111
1010010101100100001101110001100110011111000000111101000101110101010000
0000011001011010011011011001111110100100100111100000010100111001000010
0111110111001111010001001101011000001110001000111110111101101111011111
1011110110010000001111011100000011111000010100011100100100101001100011
0011100000101011011111010011100100101011010001111100001011111011110110
0111111000000000010111101111111000100111110010101011011000111110010100
1111100111010011101001100100001011110010010110001011011000111100101001
1111011110111000000111101010111101110001001010101100111110100001101010
1101111000110011010011111101000001110001101111000100011111100111001110
1010011111011100111111001101110001110111111011110111000000111111001111
0110011100110100000101001111101111111100111101100111001101000001111011
1101101111011111101000100010101101011111100001000110001000111111001000
0111111001011010011001010111101101001110101011101010110111110111101100
1111000010001100111101100100011111001010011110100100000010010110110011
1010111101110101011011111011110110011110001001110011110010000010001011
0110001111001010011111010010101100100001101110001100110010110011110100
0110100010100100100111111011011111000100011110111101010001100111111001
1100111010100111110111001111101111011100000011111101101111010110101100
1101000001011011110001110100110011011111101110011110000001110101100001
0101101111010000111101010010000100011001101111111001010011111011110110
0111101001100000100001100110011111100100000110000001010111001101100011
1100101001111110001111100110100001100111111100011000110111000000111110
0000011110101100111110111000110101001111101110011110010101110000011111
0000001111100001011111011110110011111010111001011000110100110010000001
1000111100101001111110011100110011010110000101110000111100101001010011
1110010000111101110011111011011101000000011111011110110011111011000001
1101010110010001110010100010101100001000010011000010111000011101101000
0110010110000111100101001111110000000001110110111001001111010110000001
1101010110011111110001111100110100011110000001111101111011001111101110
0011010100111110111001111110101011101000000011110000001011110101111101
1110110011111101001000010011101011000000100100011111001010011110110100
1110101100111001100000111110011011000011001111111000111110011010001111
0000001111101111011001111101110001101010011111011100111100001000000100
1111010010000100111010111110111101100111101101011100000100000111011101
0101101111011010010001100110101011110110011111100010011110101101010010
1100011110010100111100010011100000000001110000011110111000100101011111
0111001111101111011001111000111001001011010110001011111110100101111011
1101111110010100111100000111110011100001111010111110100101011001000011
0111000110011001011001111111000111110011010001111000000111110111101100
1111101110001101010011111011100111110101100001001101111110011100100000
1110101011110111000100101011110100100001001110101111101111011001111011
0010001110010100011001101000000001011101010110100011111001010011110000
0111110011100001111010111110000101101001010110010000110111000110011001
1111011100111110111101100111100011001101011000011011110000100111001101
0000011110010100111101000100001001101111011001000011011100110010110101
1001111111000111110011010001111000000111110111101100111110111000110101
0011111011100111111010101110100000001111101001010110010000110111000110
0110011110111111000000101111010110001011011000111010011001000011101111
0101101011111001010011111010010001100101101110001101100011111100111101
1100010101011010000001010101100111101000110100011000111010111111010001
0011100101010101101111010001001111010010111101101111010111101001100100
0011110111101100111101010111101110001001010111110111001111100111000100
0100001010110011001010000011110111101100111111001000001100000010101110
0110110001111001010011111011110110011111101011001110101001010110110110
0111111100011000110111000000111100011010000011010110110010000100001011
1000011100011100101101011101010010000111100101001111101111011001111110
0011110011100000000100111000110110001111101010011100001000101110001101
0101111011001111011011000000111001110010101101100101011011111101000100
0101011010111101011001101111111010010111000100011111100100101101110001
0101111101111011001000000111110000001111011101011111000010111000101000
1100001001000001111011100001011100001110111110010101111001011010101011
1110010100111101001000000100101101100111010111101110101011011110010110
0100011100100111101011000101101100001100111111100011111000010100110110
0100101011110001100011000110100101101100011000110011011110110000001001
1111000000111101011001101111101110101111001010101101101001111101000111
0010101111101111110100010011100001000010101011000010111000001100111110
1000011010101101111101111011100100010011111010001101110011111101110011
1010010011111011110110111101111110111101100111111000111100111000000001
0011110101001001011010010110111110111001111010001101011001101000111100
1010010100111100011011001011111010111101110101011011111010001000101011
0101111010110011010001110100010011111100111001010110110010101101111110
1000100010101101011111101101111100010001111011111100001100100110100111
1011110100001110100000001010110000101110000111100001001111101111011001
1110101011110111000100101011110000001101111001000000101000111110111001
1110100011100100001100001010010001000111101110001111110010000111001001
1110101011001111101000011010101101111101111011001000000111110100010001
0101101011110100010011110101001100010111101100100001110000001000110111
1101011001000011110110000011101010110010001110010100010101100010110110
0011110000101111010000111101010010000100011001101111111100100101101110
0010101111101111011001111110001111001110000000010011111000000111111000
0000001110101101100101101111110111000000111111001110001011100001000010
0100101010001110111000110100111100001000110000110111011000101100111111
1000110001101100111110100011011100000001010110100010000101011010001111
1001010011110000001110001010011010110111111010001000101011010111111001
1100101011011100001011100100011111011100111100011101101110100000001111
1011110110011110100110011100100101011010111101110001001010100011111001
0100111110011100100000111010101111011100010010101111110010010110111000
1010111110111101100111101000100001000110000110111011111011010111011000
1111001010011111010010101100100001101110001100110011110011101010010000
1100000010001011001111010001101000011001011001100101011111101111011001
0000001111100000011110001100111010100110111101110000101110000111101111
0110111101111111000111011111010111001000011011111000101110110001111011
1001111110101011000111110100100110011101001101010011010011111101000110
1110011110001101101110101011011111001010111110111101100111110100001110
0001101011111011110110000001000111011100110101011011111010001101110001
1001111011111101010010111011010001111100001011011100111110111101100111
1110100101111010101111100110011111001010011111010010101100100001101110
0011001100101000010111111100011100101111101111011001111110100100001001
1100110010001000111110010100111111000001111000010110000101110000111100
1110010000011100001000110000110111011010011100101010111111010011010101
1111001100110100111111010000011111101011100100001101111101011001101111
1010001001111110000110010100010101101101100011110010100111110100000001
0010101110000010011100101010111101101001001011010001011001111101100101
0001101111111001000011110101100110111110001001001010000011110111001111
0001011110111000000101001011000111100111001000001111011110111000000000
0110111110100110010000111010010000001001011011001110101111010001011000
1110110100001000010101000001000010111000011101001000010011101011111011
1101100111111001111001011010011111001010011110100011000101110110010000
0101001000100011110111010101101111110110111101100000010110101100111111
0100100100111111010111001000011011111010011001000000111000100010000111
1100111001010101101110010110011101111110011100100000111000110110000110
0101100001100001010100111110010101111101111011001111110111000110000110
1111111010011010101110101001111100101001111011011000110000010110001011
0110001110111010101101111011011000000111001110001101001101011000010100
1011001111110100100100111111010111001000011011111010110011011111011110
1011010110011010001111001110010000011111001100000010111101110001100010
0011111101001000010011011001000110111111011100111101101001110000001010
1001000001111011001111100001011011100111111010011101101100000011000110
0110111101011111100010100010011010100101011100110010110011111010000111
1000001111000010111101110101011011110111110000011110000101101001111110
1000001111110101110010000110111110000100000010011111011100111110111101
1001111110101011110100101000100011011100011001111111011001100011000011
0111011000111110010100111111010100100110111000010111000011111010011101
1011000000110001100110111101011110100110010000110011001111101000100010
1111011111000110011100101010111101001100100001100110010110011110100011
0100011000110001101100111111010101110000110001000110101100111001000011
1101010011010001111101011000101011000101101110101110011011000111101000
1101110001100111101111111011011100011110010101110000110010101010100100
1011011111011110110011111100011110011100000000100111111001110011101011
1010111001001011000101101100011111010111001000011011111010110011011111
1010100101110110111111001000011111011100111101111110110110000001101100
0011001000011011111100101001111011110101101011111010001101110001011001
1111101001001100111010011010100110100111110100110010000111110101011101
0101100011110010100111110011100100000111101000110111000101100111101000
1000010011011110110010000000110100111110111000111100111000101000011010
0101011100110010110111101000101100011110111101100110000000111110100100
0000100010010101110011001111110110010000001111101110010110101110110001
0100111111101101111100010001111110011100111010100111110111001111000000
1011110101100001000010010011111011110110111101111110111101100110000000
1110110100100011011100001010110001111000000111110111000001011011111100
1011010011111010001000101111011111100111001000001110110100100011011100
0010101100001100111110100001101010110111110111101100101100011111011011
1110001000111111001110011101010011111011100111100000010111101011000010
0001001001111101111011011110111111011110110011000000011101001000000100
1011011001110101111100000011111000010100111000110100101100001000110011
0111010001101010110001110100011001110010010101101111101110011111001110
0100000111010010000001001011011001110101011001111010001101000101001001
0011111100110111010101011001101111110100001111010101000001110111101011
0010101001011001111010001101000010000110101011011110111000111110100000
1111101000011110101010000010100111111010000011111101011100100001101111
1110101011101000000011111011110110011111101001101010010110111000000111
1101111011011110111111010000011110001110110111101011010111101111010110
1000011101100000011111101010111000011001111011111011111011001011101101
0110011110100011010001010010010011111100110111010101011001101111110111
1001000000101111010001011111001101000000110011110100011010001100011000
1101100100000011110111000000111110111101110010001001111101000110111001
1110111000000111101110001010000010000101110000111101111011001111011010
0111000101001101100100100011111001010011111100111000110001010001010111
1000010001100001101110110001101001111110100101110100100111011001010111
1101000100010101101011110110001001110010111010001001111000101111011100
0000101001100000101101101001000010110100101111110100100100111111001101
1101011110101001110001000100001110100010011110001011110111000000101001
1000001011011110111000111110101100101011100001110111000111110111101100
1111110001111001110000000010011111000000111110111101100111111000101000
1100111011100011010111110010100111110111101100111111001001010001110100
1001011101000000111010001101010011111101110010000000010010000000111110
0101001111110100110011010110001100110011110100010000110010101101111010
1100010110110000110011111101001001001111110011011101011110101001110001
0001000011101000100111100010111101110000001010011000001011011110111000
1111101011001010111000011101110001111100111001000001110100011001011011
0000010001101001111111011001011111000100110001111010001000101111011111
1011110110011110100101111011100011000011001000111110010100111110110000
0111110001000110101101001111111001101110101010110011011111110000011110
0001011111010110010110111000010000101110000111100001011111011110110011
1111010110011011001101010001111100101001111101111011001111110111000110
0001101110100001110110000001111011101010110111110111101100111111011100
1101100110101000111110010100111110111101100111111001110001011100000100
0101100111110110010111001100101110101001001001111110011011101010101100
1101111101000100111100010111101110000001010011000001011011110111000111
1101011001010111000011101110001111101111011001111010100111000000001001
1100011011000111101000101110001100011001111111010110010100011000101011
0001011011000111100000011110100100001001110101111011111100011101010111
1010110101001000011111000011011001101110111001111101110011110111111101
0101110000110000001000011110010101001011001111110100100100111111001101
1101011110101001110001000100001110100010011110001011110111000000101001
1000001011011110111000111110101100101011100001110111000111110011100100
0001111100111101110001010101101000000101011110111000000111100011011000
0100011010011101001001011011111001010011111011110110011000000011100010
0110101010011100011001110111001100101101111011101010110111100001001010
0010100010010110111110010100111110111101100110000000111011011000110000
0101100010110110001110100010110001110001100011000001010001111000110110
1111011100001011100000100001011111101001011010000100010010000111101001
0011101110001011001000111101100101101010110101011000011001110100101101
1001011100110010111011110100100100111111001101110101010110011011111010
0010011110001011110111000000101001100000101101111011100011111010110010
1011100001110111000111101111111100011110011100000000100111110000101111
0110010010100000010001100000010001100011010011101001100011111001101110
1010101100110111111100010100110110011110111010101101111011111111000111
1001110000000010011111000010111111000111100110100011111000110101110010
0000100000111010001001101011000001110001000100011111101100111111011011
1000111101011001101111011100001011100001110100110010000111101000110111
0001100111101111110111001111110001010011011001011001111111000111110011
0100111110101100110100111111010000011110111000000111101011001101111100
0101111011100000010100110000010110110100111110111010101101111101000001
1111010001000101011010111101011001101111101000100111100010111101110000
0010100110000010110111111001001011011100010101111101001011101001010110
0100001101110001100110011110000100110101101010001111011011001101000010
1111101011000010000000111110100001111011001000000011010011111011101010
1101111000010001100001101110110011001110010000101010010001000111110101
1000010000000111101111111101011000110000110111011011000111000110110000
0010111110101011001110100101110100100001101101000110100011010001101000
1100011101110111110101111010110011011111110010010111010110000101011010
1001110010101011111011110110111101111100011001110101001111100101001111
0110001001110010111110110111110001000111111001110011101010011111101100
1000000111110011100101011111100101001111110000000000101111011111101100
0010000111101010001111011101010110111110110000100001000111001010101011
1101110001001010100010110011111011001011111001110101001111100101001111
0110001001110010111110110111110001000111111001110011101010011110100100
0000100011101111101001000010011101011110101011100000000100110100011110
1001010011110001010111111001100110101101010001011001111101000011010101
1011110001100111010100111110010100111101100010011100101111101101111100
0100011111100111001110101001111010010000100111010111101110000001011100
0111110100011011001000000111101100010011100100000111011001000111001000
1000110111111100011001110001100111101100100011100100010001101111101001
1001000011101001000000100101101100111010111110101001010011011111011000
1001110010111010001011110111011001000000101101111010001011000111101111
0110011110001101110010000110101000111110010100111111010010010000000100
1110011110010101110001001010111101110101011011110001101101111100001100
0000100000010110111101000101100011110111101100111110100010000101011010
0011111001010011111101001100110101100011001100111101000100001100101011
0111101011000101101100001100111111100011010111001110010111110110111110
0010001111010001001001010111110111101100111111000100011011001000001110
1010001111100101001111110011000000101111011100011000100011110001110010
0100101001001000010000101110000011001111101000010101001010110111000010
1110010001111101110011111010001001000001000001111010001000101111011111
1011110110011110100101111000101111011111101111011011110111111100100101
0010111000001010010110111100011100100100101001001000010000101110000111
1000000111100000010110100111010111010011011100011000100010110011111101
0010001100111101000101111100110100000111101110011110110010010100000010
0011000000100011000110100111010011000101001111111000010011110100010111
1100110100000111101110011110100001110101011101000101111101010111101001
1111110000100111101000101111100110100000111101110011110110010111110011
1001010111101111101000010100111000010011010110000101011110100111111100
0010011110100010111110011010000011110111001111101001000100110010000110
0001000011110100111111100001001111010001011111001101000001111011100111
1011001010100111001010000001100001110101011110100111111100001001111010
0010111110011010000011110111001111101111011001111000110101110010110101
0001111011101010110111111000011011001101110111001000111110010100111110
0111001000001110101100100001011110110010000010111111001110001011100000
1000110100111110100000010110011010001000010111000011110111101101111011
1110001100111010100111011100110100011110111101110000001111000110001011
1100100111101110001001010111111001101110101111011101010110111110100010
0010101101011110100010011111100111101101110101110000001011010110011110
1000110100001100101000110111111100100001111010110011011111101000011110
1011010110011010001111000010111110111101100111111000100111101011010100
1011000111100101001111011010010001110100101111000000010100111111100011
1011100010111011000111101110011110110001001110010111101110010110101110
1100010100111111101010110001110100100001000001010101101000101100111101
0001101000010000110101011011110001100111100111000100010101111101111011
1001110010110000110111111010000011110100101111100110011111011110110011
1101101100001001010011000110011110010101011011100000100011111001010011
1110111001011010111011000111011101010110111110111001110101100100000000
1001101000101001111111000111011100011011100010101101011111101101111100
0100011110111111011010000001011111010101100111111100011101011111100000
0111101111110110100000010111110101111011010010011101001101010110001110
0001001100110110010110111110000101111101111011001111010000111101010010
0001000110011011101011110110100000010111110101011001111010001101000110
0011101111101101111100010001111011111101101000000101111101011111011110
1101111011111100101010011110110101110110001111011110111000000111101010
1111011100010010101111101000100010101101011110000100000010011111100101
1010011110111010101101111101011000110001000111110011100101011111101111
0110011111011000011001000111111010100101110101100001011100001111001010
0111110001011000111111001100000010010110101000010111111010010111010010
0100111111011100110101011011111011110110010001001111101100001100101011
1101100011111011100111101000100111100010011010101001110001100100111000
1010000110100101011011101001111110111101101111011111011110101101011111
1010100101011110111000000111111001100000010111101100101101111001011001
0001110010011110101011001110100101111010001101000110001110111110110111
1100010001111011111101101000000101111101011111011110110111101111110010
1010011110110101110110001111001010111110111101100111100000010110111111
0111000101011010100011111001010011111010010001001100100001100001000011
1101001111110111101100111100011001010100011111001010011110100110010000
1101010010000111000110101011111000100010001111011101010110111110111101
1001111000110010101000111110010100111101001100100001101010010000111000
1101010111110001000111110011010000101001000000011111010001000101011010
1111010001001111011101000110101001111101110011110001100010111110110110
0110100001011111011100111000000110111101100100001110111101111110111101
1001111101101110100011010100111110010100111101000100001001101111011001
0000110111001100101101011001111010001101000110001110111110110111110001
0001111011111101101000000101111101011111011110110111101111110010101001
1110110101110110001110011100010001010111110111101100111100011011011110
1100111110010100111101100100101000000100011000000100011000110100111010
0110001010011111011111100011011011110110011110001101000001101011011001
0000100001011100001111010001000101111011111101111011001111110110010111
1011111100101001111100001011010010101100100001101110001100110011010011
1110001101000001101011011001000010000101110000111101000100010111101111
1101111011001111110110010111101111110010100111110011101001110100100000
0100010001100010010101101001111110100010001010110101111010001001111101
1000001110101000101001100100001101010010110111110000101101110011110111
0101111100101110001100000011111001010011110100100000010010110110011101
0111101110101011011111010010101100100001101110001100110010110011110100
0110100011000111011111011011111000100011110111111011010000001011111010
1111101111011011110111111101010110001110100110011100100000111101011000
1011101110101001111110011110111000101010110100000010101111101000100010
1011010111110010101001111011010111011000111101011000110001000111110000
1011110111111010101111011100010010101111101000110110010000001111101111
0110010110001111010001000101011010111101011001101111101000100111110100
1010110010011011100000010110111101000101100011110111101100111111001110
0110101100100001111001010011111011110110011000000011100010100000100001
0111101000111001010111110100010110001111011110110011111100111001010110
1100101011011111100101001111101111011001100000001111100111101101110000
0111110011101100100000110011110100011010001100011101111101101111100010
0011110111111011010000001011111010111110111001011010111011000011001000
0110100011010001100011101111101101111100010001111011111101101000000101
1111010111110111101101111011111100101010011110110101110110001010011111
0110110011010000101111100001011110100001110101011101000101111101010111
1010011111101000100010111101111110001011000111111000101000110011100010
0111001000011110000011111001110000001101100011010011111101000100010111
1011111100010110001111110000100111000100010000010110010000111110110111
1100010100001011100001111101110000001111101011000110100100011110110100
0010001101001110100110000101110000111101000100010111101111110111101100
1111101000100100000110100011111001010011111010010111000010110110010000
1101001100100011000101110001001010110100101111101110101011011111010010
1101011100101010110101100001001100011001101111011100010010101101001011
1111100011001110001100111110010101001111011010111011000111000010001100
0011011101111110111101100100000011111000010111101000011101010111010001
0111110101011111110101100010111011101010011110100011010101111100110100
0001110100011001011000000111101110101011011110100011010101111100110100
0001111100001000000010101000111110100010001010110101111010001001111011
1010001101010011111011100111110100101010011000010111111011011101010110
1000111110100010001011110111111010110001011101110101001111101000110111
0001011001111010001100101100000011110111010101101111101000110111000101
1001111110000100000001010100011110111000111100011000000110110010000000
1111011101010110111101000100001001101111011001000000010110011110100011
0100011000111011111011011111000100011110111111011010000001011111010111
1101110010110101110110000110010000110100011010001100011101111101101111
1000100011110111111011010000001011111010111110111101101111011111100101
0100111101101011101100011100111000100010000011000111110001001111010110
1010010110001110001110110111101011010111101000100111100111000110100011
1101011011001011011010011111011101010110111100111000100010000011000111
1101110001010110101111011101010110111111010110011100100101101101111000
0101111000111011011110101101011110100010011111101010111011010011111010
1100110100010100111111011110110011110000100111001011000011011111110100
1101010111110011001000111110100010001010110101111010001001111110101011
1011010011111101001101010111100001011010011111011101010110111110111101
1001111110011000010011001010000000101101111110100110101011111001100100
0111110100010001010110101111010001001111110101011101101001111000110110
0000111100011000011011101110100100001111111010010110111010101101111101
1110110011111100001010110010000011000111100101001111101111011001111011
0010101001000001101111000111011011110101101011110100010011110000001110
0010001011110101001011011110111010101101111011110101101011110100110101
0010001110111110001110110111101011010111100010010011111000101111110111
0011100000011011110110010000011001110100101111000110101001101000110100
0110001100011011100000011111000000111110011100100000111110111001110100
1001101001111101110101011011111011110111000000111110000001111101111011
0011110100101111000101111011111101111011011110111111100011101111100001
0011110100010111110011010000011110111001111101111011001111011001011111
0011100101011110111111010001000101111011011001111010001101000101001001
1000101111011111101111011100000011110100101111000101111011101001111110
1000001111101000100010101101011110100010011110111010001101010011111011
1001111110110011010001111001110010101111110010100111110111101100111111
0101100111001001011011011110000101111100101001111011010010001110100101
1110000000111011111100011011100101010011111001010011111101110011101001
0010110011111101001001100010111101111110111101110000001111010010111100
0101111011101001111110100000111110100010001010110101111010001001111011
1010001101010011111011100111110110000011101010001010011001000011010111
1101111011001111101001010011101011100001010110000101110000111011011000
0001110011100100000110100011111001010011111001110010000011101010111101
1100010010101111100001011011100111101111110100010010111110010101110000
1001110010101011110001011000110101110100111011100101010110001111001010
0111101000100001001101111011001000011011100110010110101100111111010010
0110001011110111111011110111000000111101001011110001011110111010011111
1010000011111010001000101011010111101000100111101110100011010100111110
1110011111010001001000001000001111011100111000000110111101100100001010
0111111011100111111010010000011101100011110111001110000001101111011001
0000101001111110111001111000110110000110010110000110000101010011111011
1001110000001101111011001000010100111111011100111111000010011111011100
1111101001010011110001010111110111001110000001101111011001000010100111
1110111001111000110110111010101101111110010110100111101001100100001110
1001000000100101101100111010111110111001110000001101111011001000010100
1111101000000101100110100010000101110000111101111011011110111111010000
0111110100010001010110101111010001001111010010000001001111100101010011
1101101011101100001100111101000110100001000011010101101111101111011100
0000111110100010001010110101111010001001111101111011001111011010111011
0001111100011001110001100111110111101110000001111101000100010101101011
1101000100111110111101100111101101011101100011110100011011001010111101
1110101101011111001010011111010010001100101101110001101100011111100111
1011100010101011010000001010111110100010001010110101111010001001111011
1010001101010011111011100111100011000010111000011110100010001011110111
1101010011010001111101010010111010110000101110000010000101111010001101
0000110010010011000111110011100111001001011011000001100011111000110111
0111000000111110010100111110111101100100110100111110001101000001001101
1111101010111010101101111100101001111101011000010001001000010110110001
0100111111001010011111011110110010011111100011101110001100001011100000
1100111110110010100111010101101111101000110110010000001111110101011000
1110100101111011110110010000000111101101100000101101101001111110101011
1010101101111100101001111101111011001111011001001111000101011100000000
1000110101110001101100011111101001000010000110100110100111111111111110
1000010000000100111010111100111000100010000011000111110101100111001001
0110110111100001010001100001101001101001111110101001101111101001000000
1001011011001110101111000010000101110000011001000011010001101000010000
1101010110111110000100111101000011110101001000010001100110111111100000
0111110111001111010001001111011111111000000000010111101111101010111101
1100010010101101001111110111101110000001111110101110010000110111110100
0100111001110011101010011111011000011001000101100111101000110100001000
0110101011011110001100111110101001101111101001000000100101101100111010
1111000010000101110000111010010000100111010111110111101100111111010010
0001001011011000110000100010011100100001111110111000101011010110111001
1101001000111110010100111111000111100110100011110100100000001111101011
1010010001110111000000000101100111101000110100001100101000110111110100
1000000100101101100111010111100001000010111000011101001000010011101011
1110111101100111111010110001100001101110110110001111101011001110010010
1101101111000010100011111001010011111100011110011010001111100011010111
0010000010000001100111101000110100001100101000110111110100100000010010
1101100111010111100001000010111000011101001000010011101011111011110110
0111111011001100011000011011101100101011000010111000011101000011101011
0101001110000110110010101100000100011111001010011110110010011100101010
1010001011000101011100010011101011000011101100111101000110100001100101
0001101111101001000000100101101100111010111100001000010111000011101001
0000100111010111110111101100111100010101100110100011000110011100110111
1101001110100100101101111011001001101100111001101000001000001000111110
0101001111010000101010011010110010000011101101100101100111101000110100
0011001010001101111101001000000100101101100111010111100001000010111000
0111010010000100111010111110111101100111111001111001000001100010011111
0011001100111001000011110001101011001110100100100011111001010011110100
0010100111101011000010011001000001011000011101100111101000110100001100
1011001100101011111010110011011111100101011010101100011110111101101111
0110100001011110100011010000110010100011011111010010000001001011011001
1101011110000100001011100001110100100001001110101111011001011111011100
1010100111101100100101001110010010110110111100001011111001010011111010
0100010011001000011000010000111011001111010001101000011001010001101111
1010010000001001011011001110101111000010000101110000111010010000100111
0101111011001010100110010100000100111001010111110110010010100111001001
0110110111100001011111001010011111100011000001010101010010001000100100
1011001111010001101000011001010001101111101001000000100101101100111010
1111000010000101110000111010010000100111010111100111000100010000011000
1111101110001010110101111011101010110111111010110011010100111011100010
1011010111110010100111101100100101000000100011000000100011000110100111
0100110000110011110100011010000100001000000010011101011110011100010001
0000011000111110101100111001001011011011110000101000110000110100110100
1111110101001101111101001000000100101101100111010111100001000010111000
0011001111010001101000110100011010000100001101010110111110100011011001
0101111101111011100000011111101101111101001110100100101010001101001111
1011101010110111110100011011001010111110100000111101111010110101100110
1000111010010000001001011011001110101111000010000101110000101001111110
1000110110010101111101000001111101010011011111100010111110000100001011
1000011101001000010011101011110011100010001000001100011111000101000101
0110101011111000000111101110101011011110011100010001000001100011111011
0111110101101010011011101001111101001000010011101011110011100010001000
0011000111000110110111101100111101110101011011110011100010001000001100
0111110011100010110110001010011111101000001111101000100010101101011110
1000100111101110100011010100111110111001111000111010010010010110111111
0010110100111110111101101111011111011010111011000111101000110110010101
1110111101011010111110010100111110100100011001011011100011011000111111
0011110111000101010110100000010101101001111101000110101011111001101000
0011111010100101011110111010101101111101000110111000101100111111010100
1010110100111111100011010101001101000000111101110101011011111010010001
0010101101110001010100100011010011111011001001110000100110110010001101
1011101011011000111101110101011011110100001010011110111101110011010110
0011001100011010011111101000100010101101011110100010011110111010001101
0100111110111001111101001010100110000101111110110111010101101000111101
1101010110111100011000010111000011110000101111101111011001111101000100
1000001101000111110010100111110111101100111110011010101101111110001111
0011100000000100111100011101001100000001000101111001001111010101000010
1111010001101000010000100000000010011110111101111110101011100011011011
0010000111010000100000000010011110111101111110101011100011011011001000
0110100011010001100011000110110111010101000001111010010001100101101111
0100001110101110101100011000011011101101100010100111111010000011110111
0000001111010010000001001111011110111111010101110001101101100100000110
010011001101000
